1000100
1101111
0100000
1111001
1101111
1110101
0100000
1100101
1101110
1110100
1100101
1110010
0100000
1110100
1101000
1100101
0100000
1110100
1100001
1110110
1100101
1110010
1101110
0111111
0000000
1001001
1110100
0100111
1110011
0100000
1111001
1101111
1110101
1110010
0100000
1110000
1100001
1110010
1110100
1111001
0101100
0100000
1111001
1101111
1110101
0100000
1110111
1101001
1101110
0100001
0000000
1000001
0100000
1110011
1101001
1101110
1100111
1101100
1100101
0100000
1110100
1100101
1100001
1110010
0100000
1100110
1100001
1101100
1101100
1110011
0100000
1100110
1110010
1101111
1101101
0100000
1111001
1101111
1110101
1110010
0100000
1100110
1100001
1100011
1100101
0101110
0100000
1011001
1101111
1110101
0100000
1110111
1100001
1101100
1101011
0100000
1100001
1110111
1100001
1111001
0100000
1100001
1101110
1100100
0100000
1110111
1101000
1101001
1110011
1110000
1100101
1110010
0111010
0100000
1001001
0100000
1100001
1101101
0100000
1010000
1110010
1101111
1100010
1101111
1110100
0101110
0000000
0000000